#These data are freely available under tha Creative Commons Attribution 4.0 International Licence (CC BY 4.0)
# when using the data please cite:
# Petricca, Patrizio (2018): Revised dataset of known faults in Italy. GFZ Data Services. http://doi.org/10.5880/fidgeo.2018.003
#
#
#ID	Lf_max [km]	MwInstr_max	MwHist_max	PEMM
A1	0	0	0	0
A2	0	0	0	0
A3	0	0	0	0
A4	0	0	0	0
A5	0	0	3.9	0
A6	0	2.5	5.14	0
A7	0	4.4	0	0
A8	0	2.1	0	0
A9	0	2.6	6.2	0
A10	0	2.3	0	0
A11	0	3.1	0	0
A12	0	0	0	0
A13	0	2.1	0	0
A14	0	3.7	0	0
A15	0	3.2	0	0
A16	0	0	0	0
A17	0	2.6	0	0
A18	0	2.6	0	0
A19	0	0	0	0
A20	0	2.5	0	0
A21	0	0	0	0
A22	0	0	0	0
A23	0	0	0	0
A24	0	0	0	0
A25	0	0	0	0
A26	0	0	0	0
A27	0	0	0	0
A28	0	0	0	0
A29	0	0	0	0
A30	0	0	0	0
A31	0	0	0	0
A32	0	0	0	0
A33	0	0	0	0
A34	0	0	0	0
A35	0	0	0	0
A36	0	4.5	0	0
A37	0	0	0	0
A38	0	0	0	0
A39	0	0	0	0
A40	0	0	0	0
A41	0	0	0	0
A42	0	0	0	0
A43	0	0	0	0
A44	0	0	0	0
A45	0	0	0	0
A46	0	0	0	0
A47	0	0	0	0
A48	0	0	0	0
A49	0	0	0	0
A50	0	0	0	0
A51	0	0	0	0
A52	0	0	0	0
A53	0	0	0	0
A54	0	0	0	0
A55	0	0	0	0
A56	0	0	0	0
B1	0	0	0	0
B2	0	2.8	0	0
B3	0	0	0	0
B4	0	2.3	0	0
B5	0	2.4	4.3	0
B6	0	4.6	5.14	0
B7	0	2.2	4.93	0
B8	13.53	2.1	4.72	6.12927
B9	0	3.6	5.14	0
B10	12	2.1	0	6.04223
B11	0	0	0	0
B12	0	0	4.72	0
B13	0	2.8	4.93	0
B14	0	3.6	4.72	0
B15	13.09	2.2	0	6.10529
B16	0	3	0	0
B17	0	2.3	0	0
B18	0	2.3	0	0
B19	0	2.4	0	0
B20	0	2.6	0	0
B21	0	0	0	0
B22	0	0	0	0
B23	0	0	0	0
B24	0	0	0	0
B25	0	0	0	0
B26	0	0	0	0
B27	0	0	0	0
B28	0	0	0	0
B29	0	0	0	0
B30	0	0	0	0
B31	0	0	0	0
B32	0	0	0	0
B33	0	0	0	0
B34	0	0	0	0
B35	0	0	0	0
B36	0	0	0	0
B37	0	0	0	0
B38	0	0	0	0
B39	0	0	0	0
B40	0	0	0	0
B41	0	0	0	0
B42	0	0	0	0
B43	0	0	0	0
B44	0	0	0	0
B45	0	0	0	0
B46	0	0	0	0
B47	0	0	0	0
B48	0	0	0	0
B49	0	0	0	0
B50	0	0	0	0
B51	0	0	0	0
B52	0	0	0	0
B53	0	0	0	0
B54	0	0	0	0
B55	0	0	0	0
B56	0	0	0	0
C1	0	2.5	0	0
C2	6.97	3.1	0	5.6482
C3	13.71	0	0	6.13885
C4	5.93	2.8	4.3	5.531
C5	0	3.4	5.14	0
C6	13.89	3.1	5.14	6.14831
C7	0	2.6	0	0
C8	0	2.9	0	0
C9	0	3.5	4.51	0
C10	3.44	3.3	4.3	5.13605
C11	3.37	4.1	5.33	5.12114
C12	60.69	3.1	5.35	7.21781
C13	60.69	4.1	0	7.21781
C14	0	2.8	0	0
C15	0	2.2	0	0
C16	0	2.1	0	0
C17	0	2.4	0	0
C18	0	2.3	0	0
C19	0	2.7	0	0
C20	0	2.3	0	0
C21	0	0	0	0
C22	0	0	0	0
C23	0	0	0	0
C24	0	0	0	0
C25	0	0	0	0
C26	0	0	0	0
C27	0	0	0	0
C28	0	0	0	0
C29	0	0	0	0
C30	0	0	0	0
C31	0	0	0	0
C32	0	0	0	0
C33	0	0	0	0
C34	0	0	0	0
C35	0	0	0	0
C36	0	0	0	0
C37	0	0	0	0
C38	0	0	0	0
C39	0	0	0	0
C40	0	0	0	0
C41	0	0	0	0
C42	0	0	0	0
C43	0	0	0	0
C44	0	0	0	0
C45	0	0	0	0
C46	0	0	0	0
C47	0	0	0	0
C48	0	0	0	0
C49	0	0	0	0
C50	0	0	0	0
C51	0	0	0	0
C52	0	0	0	0
C53	0	0	0	0
C54	0	0	0	0
C55	0	0	0	0
C56	0	0	0	0
D1	0	0	0	0
D2	0	2.8	0	0
D3	7.68	0	0	5.71855
D4	7.68	2.4	6.4	5.71855
D5	0	2.3	4.7	0
D6	2.27	4.2	5.66	4.83456
D7	2.45	2.5	0	4.88991
D8	0	2.6	0	0
D9	0	2.5	0	0
D10	0	2.7	3.87	0
D11	0	2.7	4.3	0
D12	4.18	3.2	0	5.27736
D13	60.69	3.2	5.14	7.21781
D14	60.69	2.7	0	7.21781
D15	0	2.5	0	0
D16	7.8	0	0	5.7298
D17	10.28	2.1	0	5.93003
D18	0	2.3	0	0
D19	0	0	0	0
D20	0	0	0	0
D21	0	0	0	0
D22	0	0	0	0
D23	0	0	0	0
D24	0	0	0	0
D25	0	0	0	0
D26	0	0	0	0
D27	0	0	0	0
D28	0	0	0	0
D29	0	0	0	0
D30	0	0	0	0
D31	0	0	0	0
D32	0	0	0	0
D33	0	0	0	0
D34	0	0	0	0
D35	0	0	0	0
D36	0	0	0	0
D37	0	0	0	0
D38	0	0	0	0
D39	0	0	0	0
D40	0	0	0	0
D41	0	0	0	0
D42	0	0	0	0
D43	0	0	0	0
D44	0	0	0	0
D45	0	0	0	0
D46	0	0	0	0
D47	0	0	0	0
D48	0	0	0	0
D49	0	0	0	0
D50	0	0	0	0
D51	0	0	0	0
D52	0	0	0	0
D53	0	0	0	0
D54	0	0	0	0
D55	0	0	0	0
D56	0	0	0	0
E1	0	3.6	0	0
E2	0	2.4	0	0
E3	3.78	2.2	5	5.20441
E4	3.88	2.7	6.1	5.22335
E5	0	3.5	6.4	0
E6	0	2.8	0	0
E7	33.62	2.5	4.09	6.78942
E8	0	0	0	0
E9	0	3.4	4.72	0
E10	0	4.3	5.45	0
E11	0	3.2	5.69	0
E12	22.24	3.8	4.72	6.48972
E13	10	3.9	4.89	5.91
E14	60.69	3.1	0	7.21781
E15	0	3.1	5.68	0
E16	35.49	3	4.62	6.82868
E17	16.8	0	0	6.28627
E18	16.8	0	0	6.28627
E19	0	0	0	0
E20	0	2.4	0	0
E21	0	3.7	0	0
E22	0	2.2	0	0
E23	0	0	0	0
E24	0	0	0	0
E25	0	0	0	0
E26	0	0	0	0
E27	0	0	0	0
E28	0	0	0	0
E29	0	0	0	0
E30	0	0	0	0
E31	0	0	0	0
E32	0	0	0	0
E33	0	0	0	0
E34	0	0	0	0
E35	0	0	0	0
E36	0	0	0	0
E37	0	0	0	0
E38	0	0	0	0
E39	0	0	0	0
E40	0	0	0	0
E41	0	0	0	0
E42	0	0	0	0
E43	0	0	0	0
E44	0	0	0	0
E45	0	0	0	0
E46	0	0	0	0
E47	0	0	0	0
E48	0	0	0	0
E49	0	0	0	0
E50	0	0	0	0
E51	0	0	0	0
E52	0	0	0	0
E53	0	0	0	0
E54	0	0	0	0
E55	0	0	0	0
E56	0	0	0	0
F1	0	0	0	0
F2	0	0	0	0
F3	0	4.1	5.6	0
F4	0	2.7	3.9	0
F5	0	3.1	6.1	0
F6	18.48	3.7	4.3	6.35539
F7	33.62	3.1	0	6.78942
F8	0	2.4	0	0
F9	0	2.9	5.14	0
F10	14.34	4.1	4.45	6.17144
F11	0	4.3	4.93	0
F12	0	2.3	4.72	0
F13	0	2.3	4.72	0
F14	26.29	3.1	4.3	6.61105
F15	36.79	3.3	4.93	6.85477
F16	35.49	3.7	4.72	6.82868
F17	22.94	4.3	0	6.51219
F18	0	2.5	6.73	0
F19	0	3.7	6.04	0
F20	0	2.6	0	0
F21	0	2.9	0	0
F22	0	3.4	0	0
F23	0	3.9	0	0
F24	0	4.7	0	0
F25	0	2.8	0	0
F26	0	0	0	0
F27	0	0	0	0
F28	0	0	0	0
F29	0	0	0	0
F30	0	0	0	0
F31	0	0	0	0
F32	0	0	0	0
F33	0	0	0	0
F34	0	0	0	0
F35	0	0	0	0
F36	0	0	0	0
F37	0	0	0	0
F38	0	0	0	0
F39	0	0	0	0
F40	0	0	0	0
F41	0	0	0	0
F42	0	0	0	0
F43	0	0	0	0
F44	0	0	0	0
F45	0	0	0	0
F46	0	0	0	0
F47	0	0	0	0
F48	0	0	0	0
F49	0	0	0	0
F50	0	0	0	0
F51	0	0	0	0
F52	0	0	0	0
F53	0	0	0	0
F54	0	0	0	0
F55	0	0	0	0
F56	0	0	0	0
G1	0	0	0	0
G2	0	0	0	0
G3	0	2.8	4.3	0
G4	0	2.5	6.1	0
G5	0	2.3	6.4	0
G6	0	3.2	5.1	0
G7	33.62	2.9	5.05	6.78942
G8	0	3.1	4.9	0
G9	0	0	0	0
G10	15.32	2.2	0	6.21938
G11	0	2.7	0	0
G12	0	4.1	4.36	0
G13	0	0	0	0
G14	11.24	3.1	4.7	5.99478
G15	36.79	2.8	5.46	6.85477
G16	36.79	3.7	4.76	6.85477
G17	29.54	3.5	0	6.69559
G18	0	2.4	0	0
G19	0	0	0	0
G20	0	2.4	0	0
G21	0	2.5	0	0
G22	0	0	0	0
G23	0	3.3	0	0
G24	0	0	0	0
G25	0	0	0	0
G26	0	2.6	0	0
G27	20.1	0	0	6.41634
G28	21.2	0	0	6.45498
G29	41.66	0	0	6.94493
G30	41.66	0	0	6.94493
G31	12.36	0	0	6.06367
G32	2.93	0	0	5.01967
G33	12.95	0	0	6.09749
G34	0	0	0	0
G35	25.68	0	0	6.59402
G36	22.01	0	0	6.48218
G37	8.29	0	0	5.77399
G38	0	0	0	0
G39	0	0	0	0
G40	0	0	0	0
G41	0	0	0	0
G42	0	0	0	0
G43	0	0	0	0
G44	0	0	0	0
G45	0	0	0	0
G46	0	0	0	0
G47	0	0	0	0
G48	0	0	0	0
G49	0	0	0	0
G50	0	0	0	0
G51	0	0	0	0
G52	0	0	0	0
G53	0	0	0	0
G54	0	0	0	0
G55	0	0	0	0
G56	0	0	0	0
H1	0	0	0	0
H2	0	2.7	0	0
H3	0	2.5	0	0
H4	0	2.7	0	0
H5	0	2.2	4.3	0
H6	0	3.4	0	0
H7	0	2.5	0	0
H8	0	2.5	0	0
H9	27.81	3	0	6.65182
H10	25.45	3.3	0	6.5875
H11	0	4	0	0
H12	0	2.2	0	0
H13	8.2	3.4	0	5.76607
H14	11.85	4	4.93	6.03311
H15	27.99	2.9	4.72	6.65649
H16	27.99	3.4	6.97	6.65649
H17	29.54	2.7	0	6.69559
H18	0	0	0	0
H19	0	0	0	0
H20	0	0	0	0
H21	0	0	0	0
H22	0	0	0	0
H23	0	0	0	0
H24	0	0	0	0
H25	0	0	0	0
H26	0	0	0	0
H27	18.9	0	0	6.37169
H28	37.66	0	0	6.87172
H29	37.66	0	0	6.87172
H30	13.76	0	0	6.14149
H31	20.36	0	0	6.42566
H32	21.17	0	0	6.45395
H33	21.17	0	0	6.45395
H34	16.4	0	0	6.26879
H35	20.7	0	0	6.43767
H36	20.7	0	0	6.43767
H37	16.56	0	0	6.27583
H38	0	0	0	0
H39	0	0	0	0
H40	0	0	0	0
H41	0	0	0	0
H42	0	0	0	0
H43	0	0	0	0
H44	0	0	0	0
H45	0	0	0	0
H46	0	0	0	0
H47	0	0	0	0
H48	0	0	0	0
H49	0	0	0	0
H50	0	0	0	0
H51	0	0	0	0
H52	0	0	0	0
H53	0	0	0	0
H54	0	0	0	0
H55	0	0	0	0
H56	0	0	0	0
I1	0	3.8	0	0
I2	0	3.9	0	0
I3	0	2.8	0	0
I4	0	0	0	0
I5	0	2.4	0	0
I6	0	2.8	0	0
I7	0	0	0	0
I8	0	0	0	0
I9	27.81	0	0	6.65182
I10	27.81	0	0	6.65182
I11	0	4.6	4.93	0
I12	12.35	4.8	5.12	6.06308
I13	12.35	2.1	4.93	6.06308
I14	13.71	3.8	4.3	6.13885
I15	13.71	2.1	0	6.13885
I16	19.18	3.6	0	6.38236
I17	0	0	0	0
I18	7.8	0	0	5.7298
I19	0	0	0	0
I20	0	0	0	0
I21	0	0	0	0
I22	0	0	0	0
I23	0	0	0	0
I24	0	0	0	0
I25	0	0	0	0
I26	41.19	0	0	6.9367
I27	18.9	0	0	6.37169
I28	10.46	0	0	5.94262
I29	15.28	0	0	6.21749
I30	19.82	0	0	6.40616
I31	19.82	0	0	6.40616
I32	18.04	0	0	6.33792
I33	17.92	0	0	6.33307
I34	17.92	0	0	6.33307
I35	6.07	0	0	5.54793
I36	18.08	0	0	6.33952
I37	31.27	0	0	6.73686
I38	16.56	0	0	6.27583
I39	0	0	0	0
I40	0	0	0	0
I41	0	0	0	0
I42	0	0	0	0
I43	0	0	0	0
I44	0	0	0	0
I45	0	0	0	0
I46	0	0	0	0
I47	0	0	0	0
I48	0	0	0	0
I49	0	0	0	0
I50	0	0	0	0
I51	0	0	0	0
I52	0	0	0	0
I53	0	0	0	0
I54	0	0	0	0
I55	0	0	0	0
I56	0	0	0	0
J1	0	3.5	0	0
J2	0	0	0	0
J3	0	0	0	0
J4	0	0	0	0
J5	0	0	0	0
J6	0	0	0	0
J7	47.17	0	0	7.03502
J8	0	0	0	0
J9	0	0	0	0
J10	23.72	2.1	0	6.53644
J11	23.72	4.7	5.24	6.53644
J12	4.12	3.1	5.16	5.26688
J13	11.3	2.9	4.72	5.99864
J14	0	4	0	0
J15	6.23	3.9	0	5.5668
J16	9.53	2.4	0	5.87509
J17	5.27	0	0	5.44542
J18	5.27	0	0	5.44542
J19	0	0	0	0
J20	0	0	0	0
J21	0	0	0	0
J22	0	0	0	0
J23	0	0	4.51	0
J24	0	0	0	0
J25	0	0	0	0
J26	41.19	0	0	6.9367
J27	7.13	0	0	5.66466
J28	13.47	0	5.2	6.12604
J29	13.47	0	0	6.12604
J30	21.07	0	0	6.45052
J31	21.07	0	0	6.45052
J32	18.04	0	0	6.33792
J33	24.43	0	0	6.55783
J34	51.95	0	0	7.10503
J35	51.95	0	0	7.10503
J36	18.08	0	0	6.33952
J37	31.27	0	0	6.73686
J38	4.04	0	0	5.25266
J39	0	0	0	0
J40	0	0	0	0
J41	0	0	0	0
J42	0	0	0	0
J43	0	0	0	0
J44	0	0	0	0
J45	0	0	0	0
J46	0	0	0	0
J47	0	0	0	0
J48	0	0	0	0
J49	0	0	0	0
J50	0	0	0	0
J51	0	0	0	0
J52	0	0	0	0
J53	0	0	0	0
J54	0	0	0	0
J55	0	0	0	0
J56	0	0	0	0
K1	0	3.2	0	0
K2	0	3.3	0	0
K3	0	3.2	0	0
K4	0	2.5	0	0
K5	5.17	0	0	5.43153
K6	0	2.9	0	0
K7	47.17	0	0	7.03502
K8	0	2.6	4.58	0
K9	0	3.4	4.51	0
K10	47.82	3.1	3.94	7.04495
K11	32.89	3.7	5.76	6.7735
K12	10.98	2.3	4.99	5.97781
K13	4.78	2.4	4.51	5.37464
K14	4.95	4.1	0	5.39999
K15	6	3.2	0	5.53951
K16	8.36	2.3	0	5.78008
K17	10.77	0	0	5.9638
K18	5.99	2.4	0	5.5383
K19	0	0	0	0
K20	0	0	0	0
K21	0	0	0	0
K22	0	0	0	0
K23	0	0	0	0
K24	0	0	0	0
K25	0	3.1	0	0
K26	41.19	0	0	6.9367
K27	10	0	0	5.91
K28	41.45	0	0	6.94127
K29	46.94	0	0	7.03148
K30	46.94	0	0	7.03148
K31	82.34	0	0	7.43907
K32	82.34	0	0	7.43907
K33	13.77	0	0	6.14202
K34	3.74	0	0	5.1967
K35	51.95	0	0	7.10503
K36	51.95	0	0	7.10503
K37	36.84	4.1	0	6.85575
K38	10.74	0	0	5.96178
K39	0	2.3	0	0
K40	0	0	0	0
K41	0	0	0	0
K42	0	0	0	0
K43	0	0	0	0
K44	0	0	0	0
K45	0	0	0	0
K46	0	0	0	0
K47	0	0	0	0
K48	0	0	0	0
K49	0	0	0	0
K50	0	0	0	0
K51	0	0	0	0
K52	0	0	0	0
K53	0	0	0	0
K54	0	0	0	0
K55	0	0	0	0
K56	0	0	0	0
L1	0	4.8	0	0
L2	0	2.6	6.04	0
L3	0	5.2	0	0
L4	10.51	0	4.72	5.94608
L5	12.82	0	0	6.09017
L6	0	0	0	0
L7	27.28	2.4	4.12	6.63786
L8	26.71	2.7	5.35	6.62255
L9	47.82	2.2	0	7.04495
L10	47.82	3.1	0	7.04495
L11	41.87	3.1	0	6.94858
L12	50.23	4	4.37	7.08061
L13	10.49	4	0	5.9447
L14	4.6	2.5	4.72	5.34681
L15	0	2.4	0	0
L16	8.36	2.6	0	5.78008
L17	9.3	2.2	0	5.85737
L18	7.5	3.2	0	5.70135
L19	0	0	0	0
L20	0	0	0	0
L21	0	0	0	0
L22	0	0	4.51	0
L23	0	0	0	0
L24	0	0	0	0
L25	0	0	0	0
L26	6.36	0	0	5.58177
L27	13.52	0	0	6.12873
L28	41.45	0	4.72	6.94127
L29	46.94	0	0	7.03148
L30	34.73	0	0	6.81298
L31	82.34	0	0	7.43907
L32	45.81	0	0	7.0138
L33	45.81	0	0	7.0138
L34	10.63	0	0	5.95431
L35	10.63	0	0	5.95431
L36	15.01	0	0	6.20456
L37	15.01	0	0	6.20456
L38	0	0	0	0
L39	0	0	0	0
L40	0	0	0	0
L41	0	0	0	0
L42	0	0	0	0
L43	0	0	0	0
L44	0	0	0	0
L45	0	0	0	0
L46	0	3.8	0	0
L47	0	0	0	0
L48	0	0	0	0
L49	0	0	0	0
L50	0	0	0	0
L51	0	0	0	0
L52	0	0	0	0
L53	0	0	0	0
L54	0	4.6	0	0
L55	0	0	0	0
L56	0	0	0	0
M1	0	3	5.5	0
M2	0	2.3	4.3	0
M3	0	4.1	4.7	0
M4	6.21	3.3	5	5.56446
M5	12.79	2.1	4.43	6.08847
M6	10.07	0	0	5.91506
M7	35.69	3.5	4.93	6.83275
M8	26.63	3	5.04	6.62037
M9	40.01	2.8	5.41	6.91562
M10	40.01	2.1	0	6.91562
M11	26.84	4.3	5.22	6.62607
M12	50.23	4.4	4.93	7.08061
M13	50.23	4	5.25	7.08061
M14	26.3	3	0	6.61133
M15	10.26	0	0	5.92862
M16	0	2.1	0	0
M17	8.71	0	0	5.80983
M18	8.71	0	0	5.80983
M19	4.77	0	0	5.37313
M20	3.89	0	0	5.22522
M21	0	0	0	0
M22	0	0	0	0
M23	0	0	0	0
M24	0	3.1	0	0
M25	0	0	0	0
M26	8.62	0	0	5.8023
M27	13.64	0	0	6.13514
M28	18.44	0	0	6.35382
M29	11.8	0	0	6.03004
M30	82.34	0	0	7.43907
M31	82.34	0	0	7.43907
M32	27.73	0	0	6.64973
M33	45.81	0	0	7.0138
M34	6.34	0	0	5.57949
M35	9.81	0	0	5.89609
M36	9.16	0	0	5.84637
M37	21.17	0	0	6.45395
M38	21.17	0	0	6.45395
M39	0	0	0	0
M40	0	0	0	0
M41	0	0	0	0
M42	0	0	0	0
M43	0	0	0	0
M44	0	0	0	0
M45	0	0	0	0
M46	0	0	0	0
M47	0	3.1	0	0
M48	0	0	0	0
M49	0	0	0	0
M50	0	0	0	0
M51	0	0	0	0
M52	0	0	0	0
M53	0	0	0	0
M54	0	0	0	0
M55	0	0	0	0
M56	0	0	0	0
N1	6.33	3.5	4.72	5.57834
N2	0	3	0	0
N3	5.86	2.6	5.19	5.52239
N4	0	3.4	3.5	0
N5	2.76	0	0	4.97632
N6	16.4	3.3	4.91	6.26879
N7	35.69	4.7	4.75	6.83275
N8	30.05	3.2	5.64	6.708
N9	23.61	0	0	6.53307
N10	58.38	3.1	4.8	7.18966
N11	31.77	4.3	5.14	6.74837
N12	49.29	4.9	0	7.06691
N13	27.75	4.2	5.83	6.65025
N14	15.69	4.6	5.55	6.23669
N15	20.78	2.6	0	6.44047
N16	0	3.1	0	0
N17	22.8	3.5	0	6.50775
N18	9.95	0	0	5.90636
N19	0	0	0	0
N20	20.5	0	0	6.43063
N21	20.5	0	0	6.43063
N22	16.91	0	0	6.291
N23	16.15	0	0	6.25765
N24	16.15	0	0	6.25765
N25	14.61	0	0	6.18497
N26	19.64	0	0	6.39955
N27	18.77	0	0	6.36669
N28	21.43	0	0	6.46281
N29	40.95	4.2	0	6.93246
N30	40.95	0	0	6.93246
N31	9.31	0	0	5.85815
N32	28.14	0	0	6.66037
N33	28.14	0	0	6.66037
N34	6.86	0	0	5.63666
N35	7.35	0	0	5.6867
N36	14.1	0	0	6.1592
N37	15.8	0	0	6.24176
N38	21.17	0	0	6.45395
N39	0	0	0	0
N40	0	0	0	0
N41	0	0	0	0
N42	0	0	0	0
N43	0	0	0	0
N44	0	0	0	0
N45	0	0	0	0
N46	0	0	0	0
N47	0	0	0	0
N48	0	0	0	0
N49	0	0	0	0
N50	0	0	0	0
N51	0	0	0	0
N52	0	0	0	0
N53	0	0	0	0
N54	0	0	0	0
N55	0	0	0	0
N56	0	0	0	0
O1	6.33	3.3	0	5.57834
O2	8.78	3.2	5.08	5.81564
O3	8.78	4.6	4.57	5.81564
O4	22.94	2.9	4.57	6.51219
O5	13.59	0	0	6.13248
O6	16.4	2.5	4.3	6.26879
O7	8.24	3.8	4.72	5.7696
O8	30.05	3.2	5.14	6.708
O9	24.21	2.3	5.19	6.55127
O10	58.38	2.6	5.11	7.18966
O11	58.38	2.1	5.67	7.18966
O12	75.28	5	5.41	7.37405
O13	27.75	4.2	5.43	6.65025
O14	25.28	5.1	6.48	6.58264
O15	22.73	4.2	4.48	6.50552
O16	27.52	3.8	5.15	6.64421
O17	10.02	4.2	5.15	5.91145
O18	10.02	2.5	0	5.91145
O19	0	0	0	0
O20	2.04	0	0	4.75708
O21	8.84	0	0	5.82058
O22	15.81	2.4	0	6.24222
O23	17.06	2.5	0	6.2974
O24	17.59	0	0	6.31959
O25	15.45	0	0	6.22551
O26	19.64	4.3	0	6.39955
O27	18.67	3.3	0	6.36281
O28	11.6	4.1	0	6.01764
O29	10.01	4.3	0	5.91072
O30	15.91	0	0	6.24679
O31	15.91	0	0	6.24679
O32	8.73	0	0	5.81149
O33	17.28	0	0	6.3067
O34	31.05	0	0	6.73174
O35	31.05	0	0	6.73174
O36	27.4	0	0	6.64104
O37	20.73	0	0	6.43872
O38	11.75	0	0	6.02696
O39	0	0	0	0
O40	0	0	0	0
O41	0	0	0	0
O42	0	0	0	0
O43	0	0	0	0
O44	0	0	0	0
O45	0	3.5	0	0
O46	0	0	0	0
O47	0	0	0	0
O48	0	0	0	0
O49	0	0	0	0
O50	0	0	0	0
O51	0	0	0	0
O52	0	0	0	0
O53	0	0	0	0
O54	0	0	0	0
O55	0	0	0	0
O56	0	0	0	0
P1	19.52	3.5	4.93	6.3951
P2	19.52	2.8	0	6.3951
P3	17.91	4	4.71	6.33267
P4	22.94	3	4.76	6.51219
P5	5.3	2.7	0	5.44954
P6	7.8	2.6	5.12	5.7298
P7	36.21	4.8	4.91	6.84324
P8	36.21	3.3	5.7	6.84324
P9	36.89	2.9	5.22	6.85674
P1	19.91	2.6	0	6.40945
P11	82.73	5.1	5.53	7.4425
P12	100.2	4.5	5.14	7.58145
P13	27.73	4.8	4.14	6.64973
P14	25.28	4.8	5.24	6.58264
P15	20.15	3.4	5.76	6.41814
P16	27.52	3.1	4.51	6.64421
P17	15.19	3.3	5.91	6.2132
P18	7.41	3.1	5.16	5.6926
P19	6.91	2.5	0	5.64193
P20	5.86	3.7	0	5.52239
P21	0	0	0	0
P22	0	0	0	0
P23	8.73	0	0	5.81149
P24	25.13	2.2	0	6.57832
P25	25.13	2.1	0	6.57832
P26	24.09	0	0	6.54767
P27	24.09	0	0	6.54767
P28	22.08	0	0	6.48448
P29	16.65	0	0	6.27976
P30	20.4	0	0	6.42708
P31	18.73	0	0	6.36514
P32	22.39	0	0	6.49459
P33	45.36	0	0	7.00664
P34	45.36	0	0	7.00664
P35	45.36	0	0	7.00664
P36	0	0	0	0
P37	25.58	0	0	6.59119
P38	21.98	0	0	6.48119
P39	0	0	0	0
P40	0	0	0	0
P41	0	0	0	0
P42	0	0	0	0
P43	0	3.4	0	0
P44	0	0	0	0
P45	0	3.2	0	0
P46	0	2.6	0	0
P47	0	0	0	0
P48	0	0	0	0
P49	0	0	0	0
P50	0	0	0	0
P51	0	0	0	0
P52	0	0	0	0
P53	0	0	0	0
P54	0	0	0	0
P55	0	0	0	0
P56	0	0	0	0
Q1	0	2.8	0	0
Q2	12.5	2.5	4.51	6.07184
Q3	0	2.6	4.09	0
Q4	11.65	3.4	0	6.02076
Q5	16.1	4.2	4.51	6.2554
Q6	36.21	3.3	4.97	6.84324
Q7	36.21	3.8	4.99	6.84324
Q8	36.94	3.8	5.08	6.85772
Q9	36.89	2.4	0	6.85674
Q10	11.91	3.1	0	6.03677
Q11	82.73	5.3	4.8	7.4425
Q12	100.2	3.4	5.98	7.58145
Q13	75.28	4.1	5.29	7.37405
Q14	20.94	4.4	4.91	6.44603
Q15	45.04	3.8	5.57	7.00151
Q16	16.77	3	4.93	6.28497
Q17	7.11	2.7	4.93	5.66262
Q18	17.76	3.5	5.14	6.32657
Q19	12.38	3.5	0	6.06484
Q20	5.27	2.6	0	5.44542
Q21	4.46	0	0	5.32439
Q22	10.9	0	0	5.9725
Q23	10.78	0	0	5.96447
Q24	12.95	0	0	6.09749
Q25	12.95	0	0	6.09749
Q26	23.19	0	0	6.52005
Q27	22.34	0	0	6.49297
Q28	14.73	0	0	6.1909
Q29	18.17	0	0	6.34312
Q30	18.17	0	0	6.34312
Q31	20.01	0	0	6.41308
Q32	22.39	0	0	6.49459
Q33	4.95	0	0	5.39999
Q34	13.21	0	0	6.11191
Q35	21.53	0	0	6.46618
Q36	21.53	0	0	6.46618
Q37	25.58	0	0	6.59119
Q38	9.67	0	0	5.88566
Q39	13.48	0	0	6.12658
Q40	0	0	0	0
Q41	10.83	0	0	5.96783
Q42	0	3.5	0	0
Q43	0	3.6	0	0
Q44	0	0	0	0
Q45	0	0	0	0
Q46	0	3.2	0	0
Q47	0	3.2	0	0
Q48	0	3.8	0	0
Q49	0	0	0	0
Q50	0	0	0	0
Q51	0	0	0	0
Q52	0	0	0	0
Q53	0	0	0	0
Q54	0	0	0	0
Q55	0	0	0	0
Q56	0	0	0	0
R1	10.15	3.5	4.09	5.9208
R2	12.5	3.4	4.72	6.07184
R3	18.28	5.3	5.04	6.3475
R4	31.95	2.1	0	6.75247
R5	31.95	2.8	0	6.75247
R6	124.8	4.3	5.1	7.74068
R7	124.8	4.4	4.38	7.74068
R8	36.94	2.8	5.86	6.85772
R9	36.94	2.6	6.69	6.85772
R10	18.19	3.3	4.72	6.34392
R11	125.7	5.9	4.72	7.74589
R12	53.86	3.4	5.13	7.13121
R13	100.2	2.8	5.57	7.58145
R14	24.38	3.7	5.57	6.55635
R15	45.04	4.5	5.12	7.00151
R16	45.04	3.3	5.14	7.00151
R17	15.81	3.1	4.94	6.24222
R18	17.76	2.6	5.61	6.32657
R19	17.76	3.1	0	6.32657
R20	7.6	0	0	5.71096
R21	4	0	0	5.24544
R22	6.75	0	0	5.62494
R23	8.88	0	0	5.82385
R24	17.71	3.1	0	6.32452
R25	11.57	0	0	6.01577
R26	23.19	0	0	6.52005
R27	23.27	2.5	0	6.52255
R28	14.73	0	0	6.1909
R29	10.25	0	0	5.92791
R30	23.98	0	0	6.54435
R31	21.4	0	0	6.46179
R32	21.4	0	0	6.46179
R33	20.8	0	0	6.44117
R34	11.81	0	0	6.03066
R35	19.04	0	0	6.37704
R36	15.02	0	0	6.20504
R37	28.95	0	0	6.68095
R38	16.45	0	0	6.271
R39	13.48	0	0	6.12658
R40	19.85	0	0	6.40726
R41	9.25	0	0	5.85346
R42	0	2.9	0	0
R43	0	2.8	0	0
R44	0	0	0	0
R45	0	3.5	0	0
R46	0	0	0	0
R47	0	3.8	0	0
R48	0	3.3	0	0
R49	0	0	0	0
R50	0	0	0	0
R51	0	3.4	0	0
R52	0	0	0	0
R53	0	0	0	0
R54	0	0	0	0
R55	0	0	0	0
R56	0	0	0	0
S1	0	3.4	4.51	0
S2	30.32	2.7	4.93	6.71449
S3	8.82	3.3	0	5.81893
S4	7.89	2.7	0	5.73812
S5	23.17	2.2	0	6.51943
S6	31.99	2.9	0	6.75337
S7	124.8	3.5	4.09	7.74068
S8	124.8	3.4	4.51	7.74068
S9	16.99	2.9	0	6.29442
S10	63.73	4.5	0	7.25325
S11	125.7	5.1	5.46	7.74589
S12	100.2	3.8	0	7.58145
S13	100.2	3.2	5.24	7.58145
S14	26.36	5	5.43	6.61298
S15	26.36	3.4	6.29	6.61298
S16	45.04	2.5	4.93	7.00151
S17	23.59	2.7	5.82	6.53246
S18	13.94	3.5	5.11	6.15092
S19	4.07	3.6	5.37	5.25802
S20	5.88	2.7	4.51	5.52486
S21	8.13	0	0	5.75985
S22	9.1	2.7	0	5.8416
S23	10.47	0	0	5.94331
S24	17.74	2.4	0	6.32575
S25	21.26	0	0	6.45703
S26	21.26	0	0	6.45703
S27	20.11	2.8	0	6.4167
S28	24.01	0	0	6.54525
S29	14.5	0	0	6.17948
S30	21.54	2.7	0	6.46652
S31	21.54	0	0	6.46652
S32	20.64	0	0	6.43557
S33	41.5	0	0	6.94214
S34	41.5	0	0	6.94214
S35	28.33	0	0	6.66525
S36	28.33	0	0	6.66525
S37	28.95	0	0	6.68095
S38	28.95	0	0	6.68095
S39	22.78	3.3	0	6.50711
S40	19.85	4.1	0	6.40726
S41	0	3.2	0	0
S42	0	3.3	0	0
S43	0	3	0	0
S44	0	3.2	0	0
S45	0	0	0	0
S46	0	3.7	0	0
S47	0	3.9	0	0
S48	0	3.7	0	0
S49	0	3.5	0	0
S50	0	4	0	0
S51	0	3.8	0	0
S52	0	0	0	0
S53	0	0	0	0
S54	0	0	0	0
S55	0	0	0	0
S56	0	0	0	0
T1	0	2.4	0	0
T2	35.68	2.1	0	6.83255
T3	13.15	2.7	0	6.10861
T4	23.17	2.6	0	6.51943
T5	48.66	0	0	7.05758
T6	41.17	2.8	5.25	6.93635
T7	56.7	3.3	5.5	7.16848
T8	56.7	2.8	0	7.16848
T9	124.8	2.2	4.72	7.74068
T10	0	3	0	0
T11	125.7	2.5	5.46	7.74589
T12	125.7	2.8	5.61	7.74589
T13	100.2	3.2	5.03	7.58145
T14	65.45	4.5	5.94	7.27257
T15	32.26	4.3	6.09	6.75947
T16	18.5	4	5.14	6.35618
T17	18.5	3.2	5.02	6.35618
T18	26.65	3.8	0	6.62091
T19	15.68	2.3	5.35	6.23623
T20	10.12	3.9	5.27	5.91865
T21	13.38	3.2	4.72	6.12118
T22	0	2.1	4.84	0
T23	10.47	0	5.14	5.94331
T24	10.47	2.9	0	5.94331
T25	21.26	2.6	0	6.45703
T26	23.4	3.5	0	6.52659
T27	23.4	3.2	0	6.52659
T28	25.31	2.6	0	6.5835
T29	25.31	0	0	6.5835
T30	18.81	0	0	6.36823
T31	21.54	0	0	6.46652
T32	12.73	0	0	6.08506
T33	31.54	0	0	6.7431
T34	38.12	0	0	6.88053
T35	21.54	0	0	6.46652
T36	23.31	0	0	6.5238
T37	19.66	0	0	6.40028
T38	30.11	3.8	0	6.70945
T39	18.22	3.3	0	6.34512
T40	16.62	3.6	0	6.27845
T41	16.62	3.3	0	6.27845
T42	0	3	0	0
T43	0	3.2	0	0
T44	0	3.6	0	0
T45	0	3	0	0
T46	0	3.6	0	0
T47	0	2.7	0	0
T48	0	3.9	0	0
T49	0	0	0	0
T50	0	0	0	0
T51	0	3.8	0	0
T52	0	0	0	0
T53	0	0	0	0
T54	0	0	0	0
T55	0	3.7	0	0
T56	0	0	0	0
U1	0	0	0	0
U2	35.68	0	4.72	6.83255
U3	32.67	0	0	6.76863
U4	20.58	3.4	0	6.43345
U5	55.05	2.7	4.72	7.14706
U6	55.31	3.1	5.03	7.15048
U7	57.87	3.6	6.48	7.1833
U8	55.31	3.5	0	7.15048
U9	124.8	3.4	4.79	7.74068
U10	124.8	2.6	4.11	7.74068
U11	78.74	2.9	0	7.40665
U12	125.7	2.9	5.11	7.74589
U13	125.7	4.1	5.78	7.74589
U14	72.87	4.4	5.58	7.35046
U15	22.93	4.3	5.88	6.51187
U16	32.26	4.2	5.35	6.75947
U17	49.13	4.4	5.35	7.06455
U18	49.13	2.7	0	7.06455
U19	26.65	2.5	4.92	6.62091
U20	3.76	3.2	5.57	5.20056
U21	10.49	3.4	5.67	5.9447
U22	9.05	2.1	4.72	5.8376
U23	6.02	0	4.85	5.54193
U24	6.02	0	0	5.54193
U25	0	2.7	0	0
U26	0	0	0	0
U27	13.48	2.1	0	6.12658
U28	14.18	2.1	0	6.1633
U29	28.23	0	0	6.66269
U30	28.23	0	0	6.66269
U31	14.55	0	0	6.18198
U32	23.94	0	0	6.54314
U33	24.43	0	0	6.55783
U34	38.12	0	0	6.88053
U35	21.54	0	0	6.46652
U36	19.66	0	0	6.40028
U37	19.66	0	0	6.40028
U38	0	3.1	0	0
U39	30.11	3.5	0	6.70945
U40	16.28	4.2	0	6.26346
U41	0	4.5	0	0
U42	0	3	0	0
U43	0	0	0	0
U44	0	2.9	0	0
U45	0	2.5	0	0
U46	0	3.9	0	0
U47	0	0	4.72	0
U48	0	3.9	0	0
U49	0	3.2	0	0
U50	0	3.3	0	0
U51	0	3.4	0	0
U52	0	0	0	0
U53	0	0	0	0
U54	0	0	0	0
U55	0	0	0	0
U56	0	0	0	0
V1	0	0	4.51	0
V2	35.68	2.2	4.51	6.83255
V3	32.67	3.5	4.9	6.76863
V4	34.19	3.6	4.63	6.80161
V5	55.05	4	6.32	7.14706
V6	62.82	3.2	6.14	7.24282
V7	57.87	0	4.93	7.1833
V8	55.31	0	4.72	7.15048
V9	0	2.4	0	0
V10	0	2.6	0	0
V11	30.81	3.2	0	6.72612
V12	30.81	3	0	6.72612
V13	29.91	4	0	6.70461
V14	72.87	4	5.68	7.35046
V15	26.38	4.1	4.57	6.61353
V16	15.05	3.3	4.69	6.20649
V17	17.81	3.8	6.42	6.32861
V18	49.13	4.1	5.14	7.06455
V19	49.13	4.2	5.14	7.06455
V20	51.45	3.4	0	7.09801
V21	20.97	2.7	4.72	6.44707
V22	3.09	3.4	4.72	5.05823
V23	5.62	3.4	4.72	5.49206
V24	2.2	2.1	5.14	4.81185
V25	0	2.7	4.85	0
V26	0	2.9	0	0
V27	19.51	4.6	0	6.39473
V28	15.83	2.7	0	6.24313
V29	19.32	0	0	6.38763
V30	19.28	2.1	0	6.38613
V31	33.11	0	0	6.77833
V32	33.11	0	0	6.77833
V33	33.11	0	0	6.77833
V34	12.52	2.4	0	6.073
V35	18.49	3.2	0	6.35578
V36	22.78	0	0	6.50711
V37	22.78	2.4	0	6.50711
V38	0	3	0	0
V39	0	3.8	0	0
V40	0	3.4	0	0
V41	29.95	3.4	4.6	6.70558
V42	31.98	2.9	5.14	6.75315
V43	30.82	0	4.65	6.72635
V44	0	3.5	0	0
V45	0	2.4	0	0
V46	14.05	2.6	0	6.15662
V47	0	4.3	0	0
V48	0	3.2	0	0
V49	0	3.2	0	0
V50	0	3.1	0	0
V51	0	3.3	0	0
V52	0	0	0	0
V53	0	0	0	0
V54	0	0	0	0
V55	0	0	0	0
V56	0	0	0	0
W1	0	0	0	0
W2	0	2.3	0	0
W3	5.95	2.4	0	5.53344
W4	76.33	4.4	5.14	7.3841
W5	55.05	4.4	5.78	7.14706
W6	62.82	2.7	5.71	7.24282
W7	62.82	3.2	4.3	7.24282
W8	0	2.2	0	0
W9	0	2.2	0	0
W10	0	2.7	0	0
W11	0	2.2	0	0
W12	0	3.3	0	0
W13	13.29	3.7	0	6.11629
W14	144.7	2.5	5.94	7.84798
W15	144.7	2.8	6.14	7.84798
W16	19.04	3.3	4.72	6.37704
W17	21.71	3.4	6.42	6.47222
W18	21.74	5.3	6.25	6.47322
W19	41.22	5.4	0	6.93723
W20	51.45	4.5	5.57	7.09801
W21	51.45	4.1	5.66	7.09801
W22	19.94	3.7	4.72	6.41054
W23	7.05	3.2	5.21	5.65648
W24	7.38	3.7	5.14	5.68965
W25	10.16	3.9	5.54	5.92151
W26	12.96	3.5	5.46	6.09805
W27	12.96	0	0	6.09805
W28	9.47	2.7	0	5.8705
W29	21.49	2.8	0	6.46483
W30	13.68	2.4	0	6.13726
W31	11.56	2.2	0	6.01514
W32	12.33	3.3	0	6.06191
W33	13.48	4	0	6.12658
W34	22.34	0	0	6.49297
W35	22.96	0	0	6.51282
W36	22.96	3.2	0	6.51282
W37	11.02	3.1	0	5.98044
W38	45.8	3.4	0	7.01365
W39	45.8	4	0	7.01365
W40	12.58	4.3	0	6.07647
W41	29.95	3.2	0	6.70558
W42	31.98	3	0	6.75315
W43	19.65	3.1	0	6.39992
W44	83.43	2.7	0	7.44861
W45	83.43	2.6	0	7.44861
W46	83.43	3.7	0	7.44861
W47	0	3.3	0	0
W48	0	3.9	0	0
W491	0	3.7	0	0
W50	0	4.5	0	0
W51	0	4.6	0	0
W52	0	3.1	0	0
W53	0	3.2	0	0
W54	0	3.9	0	0
W55	0	0	0	0
W56	0	0	0	0
X1	0	0	0	0
X2	15.3	2.1	0	6.21843
X3	2.72	0	0	4.96573
X4	76.33	3.5	5.85	7.3841
X5	68.94	3.8	6.04	7.31025
X6	26.94	2.7	4.72	6.62876
X7	62.82	2.9	4.51	7.24282
X8	62.82	0	0	7.24282
X9	0	2.2	0	0
X10	0	2.2	0	0
X11	0	0	0	0
X12	0	2.5	0	0
X13	0	2.4	0	0
X14	33.4	3	0	6.78466
X15	144.7	3.3	4.72	7.84798
X16	89.29	4.2	5.46	7.49784
X17	14.16	3.6	6.21	6.16228
X18	18.88	4.4	5.3	6.37092
X19	16.33	5.8	6.31	6.26569
X20	23.98	5.5	6.38	6.54435
X21	14.49	3.6	6.74	6.17898
X22	23.92	3.8	5.49	6.54253
X23	23.92	3.6	4.65	6.54253
X24	10.55	4.3	5.14	5.94883
X25	7.46	3.9	4.72	5.69747
X26	9.37	3.6	4.52	5.86281
X27	2.42	0	0	4.88097
X28	8.35	2.5	4.72	5.77922
X29	22.8	2.8	4.72	6.50775
X30	22.8	3.7	0	6.50775
X31	19	3.1	0	6.37552
X32	19	2.1	0	6.37552
X33	24.47	0	0	6.55902
X34	24.47	2.3	0	6.55902
X35	16.13	2.6	0	6.25675
X36	21.52	0	0	6.46585
X37	44.24	0	0	6.98851
X38	44.24	3.6	0	6.98851
X39	59.05	4.1	0	7.19794
X40	59.05	4.3	0	7.19794
X41	16.03	3.2	0	6.25224
X42	18.86	4	5.14	6.37015
X43	83.43	3.7	6.46	7.44861
X44	83.43	2.8	4.72	7.44861
X45	58.63	3.4	0	7.19276
X46	60.05	4.1	0	7.21012
X47	0	3.9	0	0
X48	0	3.4	0	0
X49	0	4.7	0	0
X50	0	3.7	0	0
X51	0	4	0	0
X52	0	3.2	0	0
X53	0	0	0	0
X54	0	2.7	0	0
X55	0	0	0	0
X56	0	0	0	0
Y1	0	2.3	0	0
Y2	15.3	2.6	0	6.21843
Y3	18.33	3.1	0	6.34948
Y4	76.33	4.9	5.39	7.3841
Y5	68.94	4.1	6.44	7.31025
Y6	68.94	3.5	5.14	7.31025
Y7	52.57	0	0	7.11363
Y8	0	3	0	0
Y9	0	2.1	0	0
Y10	0	3.4	0	0
Y11	0	2.9	0	0
Y12	0	2.2	0	0
Y13	0	2.4	0	0
Y14	0	3.3	0	0
Y15	144.7	3.6	0	7.84798
Y16	144.7	3.5	5.8	7.84798
Y17	89.29	3.2	4.58	7.49784
Y18	9.2	3.1	6.13	5.84953
Y19	14.69	3.8	5.95	6.18893
Y20	23.98	3.3	5.92	6.54435
Y21	17.05	5	5.93	6.29698
Y22	17.05	6.1	6.72	6.29698
Y23	23.92	4.2	5.56	6.54253
Y24	19.51	4	4.75	6.39473
Y25	5.65	2.8	5.23	5.49592
Y26	5.61	2.7	5.57	5.49077
Y27	3.87	2.9	0	5.22148
Y28	17.12	0	0	6.29995
Y29	17.96	2.4	0	6.33469
Y30	17.96	2.9	0	6.33469
Y31	14.36	5.1	0	6.17245
Y32	19.42	4	0	6.39138
Y33	18.07	5.4	0	6.33912
Y34	15.19	0	0	6.2132
Y35	17.99	0	0	6.3359
Y36	17.99	0	0	6.3359
Y37	7.43	2.8	0	5.69455
Y38	44.24	3.5	4.93	6.98851
Y39	59.05	3.8	4.72	7.19794
Y40	0	4.3	0	0
Y41	7.88	3.2	5.58	5.7372
Y42	12.55	2.7	5.14	6.07474
Y43	31.1	2.7	4.29	6.73291
Y44	22.73	3.9	0	6.50552
Y45	31.84	3.5	0	6.74997
Y46	21.85	3.3	0	6.47688
Y47	0	2.9	0	0
Y48	0	3.7	0	0
Y49	0	3.9	0	0
Y50	0	3.1	0	0
Y51	0	3	0	0
Y52	0	0	0	0
Y53	0	2.8	0	0
Y54	0	3.3	0	0
Y55	0	0	0	0
Y56	0	0	0	0
Z1	0	0	0	0
Z2	0	2.1	4.72	0
Z3	6.36	2.8	7.02	5.58177
Z4	76.33	5.2	4.51	7.3841
Z5	28.31	5.6	6.98	6.66474
Z6	68.94	3.5	5.14	7.31025
Z7	52.57	2.6	5.57	7.11363
Z8	52.57	2.6	0	7.11363
Z9	0	2.6	0	0
Z10	0	2.8	0	0
Z11	0	2.2	0	0
Z12	0	2.9	0	0
Z13	0	2.6	0	0
Z14	0	2.8	0	0
Z15	98.2	3	0	7.56683
Z16	144.7	3.7	4.62	7.84798
Z17	144.7	4.9	5.57	7.84798
Z18	144.7	3.3	5.14	7.84798
Z19	0	4.1	5.59	0
Z20	5.81	4.1	5.84	5.51617
Z21	23.93	3.6	5.68	6.54283
Z22	17.02	5.4	6.41	6.2957
Z23	12.52	4.2	4.93	6.073
Z24	21.73	4	7	6.47289
Z25	21.73	4.8	6.29	6.47289
Z26	17.54	2.9	0	6.31753
Z27	4.18	2.2	0	5.27736
Z28	18.72	0	0	6.36475
Z29	8.63	0	5.14	5.80314
Z30	13.19	3.6	0	6.11081
Z31	18.04	3.3	0	6.33792
Z32	29.76	3.2	0	6.70097
Z33	29.76	4.7	0	6.70097
Z34	33.5	2.6	0	6.78682
Z35	33.5	0	0	6.78682
Z36	16.27	2.6	0	6.26302
Z37	5.11	2.7	0	5.42306
Z38	59.05	3.1	0	7.19794
Z39	69.18	4.1	0	7.31277
Z40	69.18	5.6	5.76	7.31277
Z41	10.89	3.4	5.26	5.97184
Z42	10.8	3.1	4.93	5.96582
Z43	33.45	3.3	4.51	6.78574
Z44	15.08	2.7	0	6.20793
Z45	31.84	3.3	0	6.74997
Z46	41.5	2.7	0	6.94214
Z47	0	2.3	0	0
Z48	0	3.4	0	0
Z49	0	4.2	0	0
Z50	0	3.1	0	0
Z51	0	3.2	0	0
Z52	0	3.3	0	0
Z53	0	2.8	0	0
Z54	0	0	0	0
Z55	0	0	0	0
Z56	0	0	0	0
AA1	0	2.5	0	0
AA2	0	3.8	0	0
AA3	0	2.2	6.54	0
AA4	76.33	2.8	4.83	7.3841
AA5	12.09	3.2	4.72	6.04765
AA6	68.94	3	4.72	7.31025
AA7	13.77	2.8	0	6.14202
AA8	13.38	2.1	0	6.12118
AA9	0	2.6	0	0
AA10	0	0	0	0
AA11	0	2.2	0	0
AA12	0	3.2	5.23	0
AA13	0	2.4	4.72	0
AA14	0	2.4	0	0
AA15	36.84	3	5.14	6.85575
AA16	36.84	2.4	0	6.85575
AA17	98.2	4.2	0	7.56683
AA18	116.5	5	0	7.69076
AA19	116.5	3.9	5.34	7.69076
AA20	116.5	4	4.93	7.69076
AA21	116.5	2.5	5.14	7.69076
AA22	12.75	2.7	4.72	6.0862
AA23	20.64	3.7	4.72	6.43557
AA24	20.64	3.7	4.6	6.43557
AA25	35.12	5.9	5.52	6.82108
AA26	24.42	3.9	6.59	6.55754
AA27	24.42	3.1	5.14	6.55754
AA28	18.72	2.4	0	6.36475
AA29	4.61	3.4	5.79	5.34838
AA30	13.92	0	0	6.14988
AA31	14.06	3.5	0	6.15714
AA32	14.49	5.3	0	6.17898
AA33	29.76	3	0	6.70097
AA34	33.93	4.6	0	6.79608
AA35	33.93	3	0	6.79608
AA36	14.24	3.5	0	6.16636
AA37	0	2.6	0	0
AA38	69.18	4.5	0	7.31277
AA39	69.18	4.5	0	7.31277
AA40	0	4.3	0	0
AA41	4.98	2.9	0	5.40437
AA42	33.45	4.3	0	6.78574
AA43	33.45	4.2	4.72	6.78574
AA44	12.47	2.7	0	6.0701
AA45	17.75	2.9	0	6.32616
AA46	41.5	3	0	6.94214
AA47	0	3.3	0	0
AA48	0	3.6	0	0
AA49	0	3.5	0	0
AA50	0	3.3	0	0
AA51	0	3.4	0	0
AA52	0	3.2	0	0
AA53	0	0	0	0
AA54	0	0	0	0
AA55	0	0	0	0
AA56	0	0	0	0
AB1	0	2.4	0	0
AB2	0	2.2	0	0
AB3	0	2.3	5.14	0
AB4	0	3.8	5.14	0
AB5	0	4.4	5.35	0
AB6	0	3.3	5.14	0
AB7	0	3.7	5.89	0
AB8	0	4.1	5.14	0
AB9	0	2.4	5.57	0
AB10	0	2.5	4.51	0
AB11	0	2.8	0	0
AB12	0	2.5	0	0
AB13	0	0	0	0
AB14	0	2.4	0	0
AB15	29.4	2.3	5.14	6.69214
AB16	36.84	2.5	0	6.85575
AB17	41.04	2.5	0	6.93406
AB18	41.04	4	0	6.93406
AB19	30.42	3.4	5.06	6.71688
AB20	30.42	3.9	0	6.71688
AB21	116.5	2.3	0	7.69076
AB22	116.5	3.5	4.43	7.69076
AB23	14.13	2.8	6.83	6.16074
AB24	14.13	3.7	5.14	6.16074
AB25	35.12	4.1	5.76	6.82108
AB26	28.69	3.3	5.27	6.67441
AB27	19.29	3.4	5.14	6.3865
AB28	44.47	2.9	4.51	6.99227
AB29	34	3.7	5.35	6.79757
AB30	16.85	3.3	0	6.28842
AB31	21.55	4	0	6.46686
AB32	28.59	0	0	6.67188
AB33	29.74	0	0	6.70048
AB34	33.93	3.3	0	6.79608
AB35	25.54	2.9	0	6.59006
AB36	18.78	4	0	6.36707
AB37	18.78	3.9	0	6.36707
AB38	69.18	4.6	0	7.31277
AB39	0	3.9	0	0
AB40	2.5	4	0	4.90456
AB41	11.83	4.7	0	6.03188
AB42	33.45	4.2	5.31	6.78574
AB43	25.49	4.7	4.51	6.58864
AB44	16.98	3.9	0	6.294
AB45	17.75	3	0	6.32616
AB46	20.58	3.5	0	6.43345
AB47	0	3.6	0	0
AB48	0	3.3	0	0
AB49	0	3.7	0	0
AB50	0	3.4	0	0
AB51	0	3.3	0	0
AB52	0	3.3	0	0
AB53	0	3.6	0	0
AB54	0	4	0	0
AB55	0	0	0	0
AB56	0	0	0	0
AC1	0	3.5	0	0
AC2	0	2.1	0	0
AC3	0	2.8	0	0
AC4	0	3.2	4.72	0
AC5	0	3	6.23	0
AC6	0	4.8	5.57	0
AC7	0	3.4	0	0
AC8	0	4.2	5.14	0
AC9	0	3	6.05	0
AC10	0	2.9	0	0
AC11	0	2.8	0	0
AC12	0	0	0	0
AC13	0	0	4.51	0
AC14	0	2.6	0	0
AC15	0	2.3	0	0
AC16	0	0	0	0
AC17	36.72	2.1	0	6.85339
AC18	51.64	3.2	0	7.10069
AC19	51.64	2.7	0	7.10069
AC20	51.64	2.4	0	7.10069
AC21	0	0	0	0
AC22	6.97	2.7	5.21	5.6482
AC23	11.81	2.4	0	6.03066
AC24	9.51	2.6	0	5.87356
AC25	5.21	3.5	5.14	5.43712
AC26	28.69	5	6.62	6.67441
AC27	27.03	4.2	6.98	6.63118
AC28	44.47	3.7	4.73	6.99227
AC29	34	3.4	5.14	6.79757
AC30	25.71	2.4	5.14	6.59487
AC31	21.55	4.6	0	6.46686
AC32	28.59	2.2	0	6.67188
AC33	13.58	2.1	0	6.13194
AC34	11.67	3.6	0	6.02201
AC35	22.51	3.4	0	6.49847
AC36	15.25	3.6	0	6.21606
AC37	0	2.6	0	0
AC38	46.38	3.6	0	7.02277
AC39	46.38	4.8	5.18	7.02277
AC40	0	3.7	0	0
AC41	3.62	3.6	6.47	5.17304
AC42	12.1	4.4	5.64	6.04825
AC43	6.07	3.4	4.72	5.54793
AC44	6.3	3.4	4.91	5.5749
AC45	3.04	2.9	4.8	5.0464
AC46	30.14	3.1	4.93	6.71017
AC47	30.14	3.6	0	6.71017
AC48	0	4.5	0	0
AC49	0	2.9	0	0
AC50	0	3.4	0	0
AC51	0	3.6	0	0
AC52	0	3.5	0	0
AC53	0	3.6	0	0
AC54	0	3.8	0	0
AC55	0	3.2	0	0
AC56	0	0	0	0
AD1	0	4.3	0	0
AD2	0	0	0	0
AD3	0	2.2	4.93	0
AD4	0	4.4	5.14	0
AD5	0	4.1	5.35	0
AD6	0	3.9	4.93	0
AD7	0	4.2	0	0
AD8	0	3.5	0	0
AD9	0	4.4	5.99	0
AD10	0	4.1	0	0
AD11	0	3.7	0	0
AD12	0	2.9	0	0
AD13	0	0	0	0
AD14	0	2.6	0	0
AD15	0	2.3	0	0
AD16	0	2.7	0	0
AD17	0	2.9	0	0
AD18	0	2.2	4.75	0
AD19	35.4	3.2	0	6.82684
AD20	26.22	2.5	0	6.60912
AD21	0	2.2	0	0
AD22	0	2.4	0	0
AD23	57.41	2.9	0	7.17751
AD24	18.29	2.6	0	6.3479
AD25	7.12	5.4	4.66	5.66364
AD26	7.79	4.2	5.53	5.72887
AD27	16.16	4.2	7.22	6.2581
AD28	44.47	4.7	5.37	6.99227
AD29	13.11	2.8	5.14	6.1064
AD30	23.69	2.8	5.57	6.53552
AD31	17.96	3.9	0	6.33469
AD32	20.4	2.5	0	6.42708
AD33	14.53	2.4	0	6.18098
AD34	11.67	2.7	0	6.02201
AD35	38.05	4.1	0	6.87919
AD36	18.55	3.9	0	6.35813
AD37	3.71	4.7	0	5.19085
AD38	0	4.9	0	0
AD39	46.38	4.2	5.47	7.02277
AD40	0	4.4	4.72	0
AD41	8.02	4.5	5.57	5.74997
AD42	8.07	4.2	4.93	5.75448
AD43	5.28	4.4	5.32	5.4468
AD44	4	4.6	4.3	5.24544
AD45	22.33	4.3	5.86	6.49264
AD46	30.14	3.9	5.26	6.71017
AD47	19.35	3.4	4.72	6.38876
AD48	33.88	3.3	0	6.79501
AD49	0	3.1	0	0
AD50	0	2.5	0	0
AD51	0	3.7	0	0
AD52	0	3.4	0	0
AD53	0	3.5	0	0
AD54	0	4.1	0	0
AD55	0	3.6	0	0
AD56	0	0	0	0
AE1	0	0	0	0
AE2	0	0	0	0
AE3	0	0	0	0
AE4	0	3.6	0	0
AE5	0	3.3	0	0
AE6	0	3.5	0	0
AE7	0	3.3	0	0
AE8	0	3.2	0	0
AE9	0	2.9	0	0
AE10	0	4.3	0	0
AE11	0	4.2	0	0
AE12	0	3.5	0	0
AE13	0	3.5	0	0
AE14	0	3.2	0	0
AE15	0	0	0	0
AE16	0	2.6	0	0
AE17	0	2.2	0	0
AE18	0	3.8	0	0
AE19	35.4	3.6	0	6.82684
AE20	35.4	0	0	6.82684
AE21	26.99	2.1	0	6.63011
AE22	0	2.2	0	0
AE23	57.41	2.8	4.72	7.17751
AE24	17.26	2.4	0	6.30586
AE25	9.72	4.3	5.18	5.8894
AE26	10.76	3.8	0	5.96313
AE27	18.11	3.7	6.12	6.34072
AE28	19.19	3.2	6.64	6.38274
AE29	13.2	3.6	4.72	6.11136
AE30	27.48	4.2	0	6.64316
AE31	10.97	4.1	4.51	5.97715
AE32	10.48	3.2	0	5.944
AE33	8.82	4.9	0	5.81893
AE34	11.13	3.5	0	5.98765
AE35	38.05	5.3	0	6.87919
AE36	18.55	3.5	0	6.35813
AE37	14.95	5.4	0	6.20165
AE38	14.09	4	0	6.15868
AE39	50.86	5.3	4.73	7.08965
AE40	50.86	4.6	4.88	7.08965
AE41	50.86	4.2	6.15	7.08965
AE42	12.27	4.5	5.14	6.05837
AE43	33.84	4.8	6.23	6.79415
AE44	33.84	4.3	5.35	6.79415
AE45	16.28	3.8	7.41	6.26346
AE46	18.67	3.8	4.83	6.36281
AE47	21.32	4	4.72	6.45907
AE48	0	3.2	0	0
AE49	0	3	4.51	0
AE50	0	3.5	0	0
AE51	0	4.3	0	0
AE52	0	2.5	0	0
AE53	0	4	0	0
AE54	0	3.3	0	0
AE55	0	3.3	0	0
AE56	0	0	0	0
AF1	0	2.6	0	0
AF2	0	0	0	0
AF3	0	2.8	0	0
AF4	0	2.2	0	0
AF5	0	3.1	0	0
AF6	0	3	0	0
AF7	0	3.6	0	0
AF8	0	4.6	0	0
AF9	0	2.2	0	0
AF10	0	0	0	0
AF11	0	3.1	0	0
AF12	0	2.6	0	0
AF13	0	3.2	0	0
AF14	0	3.8	0	0
AF15	0	3.3	0	0
AF16	0	4.2	0	0
AF17	0	2.8	0	0
AF18	0	4.3	0	0
AF19	0	5.4	0	0
AF20	0	2.7	0	0
AF21	26.99	4.2	0	6.63011
AF22	0	2.6	0	0
AF23	57.41	3.2	0	7.17751
AF24	17.26	4.1	4.89	6.30586
AF25	33.97	4.1	6.66	6.79693
AF26	35.63	3.1	0	6.83153
AF27	21.7	3.4	4.51	6.47189
AF28	19.99	3.2	6.62	6.41236
AF29	20.28	4.6	6.79	6.4228
AF30	27.48	4.9	5.14	6.64316
AF31	27.48	3.5	0	6.64316
AF32	11.03	3	0	5.9811
AF33	9.26	4.6	0	5.85424
AF34	21.63	4.4	0	6.46954
AF35	32.98	5.8	0	6.77548
AF36	32.98	4.5	0	6.77548
AF37	14.19	4.2	0	6.16381
AF38	21.57	5.2	5.35	6.46753
AF39	12.93	4.2	0	6.09637
AF40	12.65	3.5	4.51	6.08049
AF41	46.64	4.1	4.89	7.02683
AF42	46.64	4.1	5.55	7.02683
AF43	59.2	4.4	4.72	7.19978
AF44	81.87	5.4	4.72	7.43492
AF45	81.87	4.2	0	7.43492
AF46	81.87	3.4	5.78	7.43492
AF47	81.87	3.5	0	7.43492
AF48	24.46	3.6	0	6.55872
AF49	28.01	3.7	0	6.65701
AF50	0	3.3	0	0
AF51	0	3	0	0
AF52	0	3.7	0	0
AF53	0	3.2	0	0
AF54	0	0	0	0
AF55	0	0	0	0
AF56	0	0	0	0
AG1	0	0	0	0
AG2	0	0	0	0
AG3	0	0	0	0
AG4	0	0	0	0
AG5	0	2.5	0	0
AG6	0	4.1	0	0
AG7	0	3.7	0	0
AG8	0	4.4	0	0
AG9	0	2.6	0	0
AG10	0	0	0	0
AG11	0	0	0	0
AG12	0	3	0	0
AG13	0	3	0	0
AG14	0	3.3	0	0
AG15	0	2.4	0	0
AG16	0	2.1	0	0
AG17	0	3.1	0	0
AG18	0	4.4	0	0
AG19	0	4.2	0	0
AG20	4.89	2.6	0	5.39115
AG21	0	4.7	0	0
AG22	0	2.5	0	0
AG23	57.41	4.1	5.06	7.17751
AG24	11.7	3.7	5.14	6.02387
AG25	33.97	3.4	6.61	6.79693
AG26	35.63	4.2	5.68	6.83153
AG27	34.1	2.4	6.53	6.7997
AG28	19.99	2.5	6.38	6.41236
AG29	10.33	4.4	5.14	5.93355
AG30	23.36	4.5	6.83	6.52535
AG31	28.74	3.5	4.3	6.67567
AG32	28.74	3.6	6.02	6.67567
AG33	7.21	4.4	5.42	5.67275
AG34	21.63	5	0	6.46954
AG35	17.52	5	0	6.3167
AG36	32.98	5.1	0	6.77548
AG37	32.98	4.6	0	6.77548
AG38	21.57	5	0	6.46753
AG39	13.82	5.8	0	6.14465
AG40	26.6	4.5	5.14	6.61955
AG41	46.64	4	7.06	7.02683
AG42	62.34	4	0	7.23726
AG43	62.34	2.9	0	7.23726
AG44	59.2	3.5	0	7.19978
AG45	59.2	4.5	0	7.19978
AG46	55.63	4	0	7.15467
AG47	55.63	3.9	0	7.15467
AG48	46.32	3.1	0	7.02183
AG49	8.89	3.8	0	5.82467
AG50	0	0	0	0
AG51	0	2.9	0	0
AG52	0	3.2	0	0
AG53	0	0	0	0
AG54	0	3.5	0	0
AG55	0	0	0	0
AG56	0	0	0	0
AH1	0	0	0	0
AH2	0	0	0	0
AH3	0	0	0	0
AH4	0	2.4	0	0
AH5	0	2.4	0	0
AH6	0	5.4	0	0
AH7	0	2.2	0	0
AH8	0	3.3	0	0
AH9	0	3.4	0	0
AH10	0	2.7	0	0
AH11	0	3.9	0	0
AH12	0	0	0	0
AH13	0	0	0	0
AH14	0	3.6	0	0
AH15	0	2.9	0	0
AH16	0	3.1	0	0
AH17	0	3.4	0	0
AH18	0	3.8	0	0
AH19	0	2.9	0	0
AH20	8.67	3.4	0	5.80649
AH21	0	2.7	0	0
AH22	0	3.1	0	0
AH23	0	3.5	0	0
AH24	21.33	3.9	5.78	6.45941
AH25	47.69	5.4	5.39	7.04297
AH26	26.55	3.6	0	6.61819
AH27	34.1	2.7	5.32	6.7997
AH28	34.1	4.1	5.78	6.7997
AH29	6.8	3.9	5.95	5.63029
AH30	8.68	5.2	5.78	5.80733
AH31	23.22	3.3	7.03	6.52099
AH32	18.87	5.6	5.33	6.37054
AH33	18.87	5.2	5.49	6.37054
AH34	23.13	4.3	0	6.51817
AH35	23.13	4	4.72	6.51817
AH36	15.75	3.9	5.14	6.23946
AH37	15.75	4.1	0	6.23946
AH38	11.83	4.5	6.94	6.03188
AH39	29.37	4.1	5.79	6.6914
AH40	29.37	4.4	7.02	6.6914
AH41	15.04	3.8	5.84	6.206
AH42	14.38	3.9	0	6.17346
AH43	62.34	3.2	0	7.23726
AH44	51.55	3.9	0	7.09942
AH45	51.16	4.1	0	7.09391
AH46	62.6	3.8	0	7.24028
AH47	62.6	3.2	0	7.24028
AH48	24.14	3.1	0	6.54917
AH49	0	4.2	0	0
AH50	0	4	0	0
AH51	0	0	0	0
AH52	0	3.5	0	0
AH53	0	3.4	0	0
AH54	0	3.8	0	0
AH55	0	3.6	0	0
AH56	0	0	0	0
AI1	0	0	0	0
AI2	0	0	0	0
AI3	0	0	0	0
AI4	0	0	0	0
AI5	0	4.5	0	0
AI6	0	0	0	0
AI7	0	0	0	0
AI8	0	0	0	0
AI9	0	3.2	0	0
AI10	0	0	0	0
AI11	0	0	0	0
AI12	0	0	0	0
AI13	0	0	0	0
AI14	0	3	0	0
AI15	0	2.6	0	0
AI16	0	3	0	0
AI17	0	2.8	0	0
AI18	0	4.2	0	0
AI19	0	3	0	0
AI20	0	3.1	0	0
AI21	0	2.5	0	0
AI22	0	3	0	0
AI23	0	3.1	0	0
AI24	14.66	4.2	5.78	6.18744
AI25	47.69	4.1	4.98	7.04297
AI26	0	3.1	5.14	0
AI27	14.8	3.2	4.93	6.19434
AI28	14.8	2.9	4.44	6.19434
AI29	9.52	2.7	0	5.87432
AI30	18.45	3.8	5.24	6.35421
AI31	12.02	2.9	0	6.04344
AI32	11.77	3.3	4.74	6.0282
AI33	18.98	4.3	5.67	6.37475
AI34	34.46	3.4	5.19	6.80732
AI35	34.46	3.8	6.74	6.80732
AI36	34.52	4.1	6.21	6.80858
AI37	32.44	3.6	7.03	6.76351
AI38	16.5	3.9	6.55	6.2732
AI39	29.37	4	6.62	6.6914
AI40	23.8	4.2	5.14	6.53888
AI41	17.38	3.2	5.14	6.31088
AI42	12.59	3.6	0	6.07704
AI43	17.24	4.2	0	6.30502
AI44	51.55	4.4	0	7.09942
AI45	46.81	3.5	0	7.02947
AI46	46.81	3.6	0	7.02947
AI47	62.6	2.6	0	7.24028
AI48	113.8	0	0	7.67376
AI49	0	3	0	0
AI50	0	2.5	0	0
AI51	0	0	0	0
AI52	0	0	0	0
AI53	0	3.4	0	0
AI54	0	3.6	0	0
AI55	0	0	0	0
AI56	0	0	0	0
AJ1	0	0	0	0
AJ2	0	0	0	0
AJ3	0	0	0	0
AJ4	0	0	0	0
AJ5	0	0	0	0
AJ6	0	0	0	0
AJ7	0	0	0	0
AJ8	0	3.1	0	0
AJ9	0	0	0	0
AJ10	0	0	0	0
AJ11	0	0	0	0
AJ12	0	0	0	0
AJ13	0	0	0	0
AJ14	0	0	0	0
AJ15	0	2.9	0	0
AJ16	0	4.3	0	0
AJ17	0	3.9	0	0
AJ18	0	3.6	0	0
AJ19	0	2.5	0	0
AJ20	0	3.3	0	0
AJ21	0	3.5	0	0
AJ22	0	4.2	0	0
AJ23	0	4.2	0	0
AJ24	0	2.9	4.72	0
AJ25	47.69	2.8	0	7.04297
AJ26	15.7	3.2	0	6.23715
AJ27	4.85	2.8	5.56	5.38519
AJ28	19.61	3.4	0	6.39844
AJ29	13.05	3.3	0	6.10307
AJ30	7.74	3	4.93	5.7242
AJ31	7.93	3	0	5.74179
AJ32	15.13	2.6	4.56	6.21033
AJ33	9.21	3.3	0	5.85031
AJ34	20.76	4.5	4.72	6.43977
AJ35	9.37	4.6	5.35	5.86281
AJ36	34.52	4.1	0	6.80858
AJ37	32.44	3.5	5.14	6.76351
AJ38	32.44	4.3	6.98	6.76351
AJ39	40.6	3.4	5.7	6.92624
AJ40	25.38	3.4	4.51	6.5855
AJ41	15.51	3.5	0	6.22832
AJ42	14.23	3.3	0	6.16585
AJ43	28.62	4.4	0	6.67264
AJ44	51.55	3.1	0	7.09942
AJ45	16.88	3.7	0	6.28971
AJ46	20.14	4	0	6.41778
AJ47	60.2	2.8	0	7.21193
AJ48	113.8	0	0	7.67376
AJ49	0	0	0	0
AJ50	0	0	0	0
AJ51	0	3.2	0	0
AJ52	0	0	0	0
AJ53	0	0	0	0
AJ54	0	0	0	0
AJ55	0	0	0	0
AJ56	0	0	0	0
AK1	0	0	0	0
AK2	0	0	0	0
AK3	0	0	0	0
AK4	0	0	0	0
AK5	0	0	0	0
AK6	0	0	0	0
AK7	0	0	0	0
AK8	0	0	0	0
AK9	0	0	0	0
AK10	0	0	0	0
AK11	0	0	0	0
AK12	0	0	0	0
AK13	0	3.8	0	0
AK14	0	3.3	0	0
AK15	0	4.6	0	0
AK16	0	3.6	0	0
AK17	0	2.6	0	0
AK18	0	3.2	0	0
AK19	0	0	0	0
AK20	0	2.9	0	0
AK21	0	3.2	0	0
AK22	0	4.2	0	0
AK23	0	4.7	0	0
AK24	0	2.8	0	0
AK25	26.45	2.7	0	6.61545
AK26	15.7	2.6	0	6.23715
AK27	35.34	2.8	0	6.82561
AK28	13.54	2.5	4.93	6.1298
AK29	19.86	2.3	0	6.40763
AK30	6.99	3.8	4.72	5.65028
AK31	28.74	4.3	0	6.67567
AK32	28.74	2.2	4.72	6.67567
AK33	7.45	3.8	0	5.6965
AK34	12.32	4.7	4.87	6.06132
AK35	15.63	4.1	6.2	6.23391
AK36	31.88	3.8	0	6.75088
AK37	31.88	4	6.89	6.75088
AK38	15.83	3.8	0	6.24313
AK39	40.6	3	0	6.92624
AK40	14.89	3.4	0	6.19873
AK41	16.96	3.8	0	6.29314
AK42	14.43	2.9	0	6.17597
AK43	34.61	3.5	0	6.81047
AK44	34.61	4.5	0	6.81047
AK45	18.51	3.6	0	6.35657
AK46	16.52	2.9	0	6.27408
AK47	60.2	3.2	0	7.21193
AK48	113.8	0	0	7.67376
AK49	0	0	0	0
AK50	0	0	0	0
AK51	0	0	0	0
AK52	0	0	0	0
AK53	0	0	0	0
AK54	0	0	0	0
AK55	0	0	0	0
AK56	0	0	0	0
AL1	0	0	0	0
AL2	0	0	0	0
AL3	0	0	0	0
AL4	0	0	0	0
AL5	0	0	0	0
AL6	0	0	0	0
AL7	0	0	0	0
AL8	0	0	0	0
AL9	0	0	0	0
AL10	0	3.6	0	0
AL11	0	3.5	0	0
AL12	0	0	0	0
AL13	0	3.1	0	0
AL14	0	0	0	0
AL15	0	3.8	0	0
AL16	0	4.8	0	0
AL17	0	2.8	0	0
AL18	0	3.7	0	0
AL19	0	4	0	0
AL20	0	3.1	0	0
AL21	0	3.7	0	0
AL22	0	3.1	0	0
AL23	0	2.8	0	0
AL24	0	0	5.57	0
AL25	6.73	3.1	0	5.62279
AL26	9.27	2.7	0	5.85502
AL27	35.34	3.7	0	6.82561
AL28	8.76	2.1	0	5.81398
AL29	16.7	2.3	0	6.28194
AL30	16.7	4	4.51	6.28194
AL31	6.57	3.6	0	5.60533
AL32	36.52	3.3	0	6.84943
AL33	5.31	3.2	0	5.45091
AL34	16.42	4.6	0	6.26967
AL35	15.91	4.1	4.51	6.24679
AL36	16.25	4.1	0	6.26213
AL37	5.91	4.2	4.51	5.52855
AL38	26.48	3.7	0	6.61627
AL39	40.6	3.7	0	6.92624
AL40	27.04	3.6	0	6.63145
AL41	27.04	3.6	0	6.63145
AL42	29.25	2.5	0	6.68843
AL43	32.72	3	0	6.76974
AL44	32.72	2.8	0	6.76974
AL45	34.61	2.6	0	6.81047
AL46	60.2	0	0	7.21193
AL47	113.8	0	0	7.67376
AL48	113.8	0	0	7.67376
AL49	0	0	0	0
AL50	0	3.3	0	0
AL51	0	0	0	0
AL52	0	0	0	0
AL53	0	0	0	0
AL54	0	0	0	0
AL55	0	0	0	0
AL56	0	0	0	0
AM1	0	0	0	0
AM2	0	0	0	0
AM3	0	0	0	0
AM4	0	0	0	0
AM5	0	0	0	0
AM6	0	0	0	0
AM7	0	0	0	0
AM8	0	0	0	0
AM9	0	0	0	0
AM10	0	0	0	0
AM11	0	0	0	0
AM12	0	4.5	0	0
AM13	0	3	0	0
AM14	0	0	0	0
AM15	0	4	0	0
AM16	0	3.7	0	0
AM17	0	4.8	0	0
AM18	0	4.3	0	0
AM19	0	3.6	0	0
AM20	0	4.4	0	0
AM21	0	4.5	0	0
AM22	0	2.8	0	0
AM23	0	0	0	0
AM24	0	2.7	0	0
AM25	0	3.3	0	0
AM26	9.27	3.2	0	5.85502
AM27	0	0	0	0
AM28	14.4	2.2	0	6.17447
AM29	19.21	2.9	0	6.38349
AM30	18.56	2.8	0	6.35853
AM31	18.56	2.6	0	6.35853
AM32	36.52	3.9	0	6.84943
AM33	36.52	2.6	0	6.84943
AM34	16.42	2.5	0	6.26967
AM35	15.91	3.2	0	6.24679
AM36	16.25	4	0	6.26213
AM37	13.37	3.1	0	6.12064
AM38	13.97	2.6	0	6.15248
AM39	15	3.5	0	6.20407
AM40	18.98	2.8	0	6.37475
AM41	18.98	3.5	0	6.37475
AM42	103.2	5.1	0	7.60285
AM43	92.09	0	0	7.52023
AM44	86.91	3.1	0	7.47825
AM45	131.4	0	0	7.77805
AM46	113.8	0	0	7.67376
AM47	113.8	0	0	7.67376
AM48	0	0	0	0
AM49	0	0	0	0
AM50	0	0	0	0
AM51	0	0	0	0
AM52	0	0	0	0
AM53	0	0	0	0
AM54	0	0	0	0
AM55	0	0	0	0
AM56	0	0	0	0
AN1	0	0	0	0
AN2	0	0	0	0
AN3	0	0	0	0
AN4	0	0	0	0
AN5	0	0	0	0
AN6	0	0	0	0
AN7	0	0	0	0
AN8	0	0	0	0
AN9	0	0	0	0
AN10	0	0	0	0
AN11	0	2.7	0	0
AN12	0	0	0	0
AN13	0	4	0	0
AN14	0	0	0	0
AN15	0	3	0	0
AN16	0	3.5	0	0
AN17	0	3.4	0	0
AN18	0	4.1	0	0
AN19	0	3.7	0	0
AN20	0	3.5	0	0
AN21	0	3.7	0	0
AN22	0	0	0	0
AN23	0	3.1	0	0
AN24	0	3	0	0
AN25	0	3.3	0	0
AN26	0	3.1	0	0
AN27	0	2.5	0	0
AN28	26.05	2.4	0	6.6044
AN29	19.21	2.6	0	6.38349
AN30	8.53	2.9	0	5.79468
AN31	8.7	3.1	5.36	5.809
AN32	41.47	3.5	0	6.94162
AN33	32.34	2.9	0	6.76127
AN34	32.34	3.4	0	6.76127
AN35	11.18	2.9	0	5.9909
AN36	13.74	3.9	0	6.14044
AN37	43.11	4.5	0	6.96975
AN38	28.91	3.2	0	6.67995
AN39	15	2.9	0	6.20407
AN40	12.65	3.3	0	6.08049
AN41	103.2	4.4	0	7.60285
AN42	103.2	3.1	0	7.60285
AN43	92.09	0	0	7.52023
AN44	131.4	3	0	7.77805
AN45	131.4	2.8	0	7.77805
AN46	0	0	0	0
AN47	0	0	0	0
AN48	0	0	0	0
AN49	0	0	0	0
AN50	0	0	0	0
AN51	0	0	0	0
AN52	0	0	0	0
AN53	0	0	0	0
AN54	0	0	0	0
AN55	0	0	0	0
AN56	0	0	0	0
AO1	0	0	0	0
AO2	0	0	0	0
AO3	0	0	0	0
AO4	0	0	0	0
AO5	0	0	0	0
AO6	0	0	0	0
AO7	0	0	0	0
AO8	0	0	0	0
AO9	0	0	0	0
AO10	0	2.7	0	0
AO11	0	0	0	0
AO12	0	0	0	0
AO13	0	0	0	0
AO14	0	4.7	0	0
AO15	0	0	0	0
AO16	0	0	0	0
AO17	0	3	0	0
AO18	0	4	0	0
AO19	0	4.1	0	0
AO20	0	4	0	0
AO21	0	3.8	0	0
AO22	0	0	0	0
AO23	0	2.9	0	0
AO24	0	0	0	0
AO25	0	3.4	0	0
AO26	0	0	0	0
AO27	0	0	0	0
AO28	26.05	3.2	0	6.6044
AO29	0	3.2	0	0
AO30	0	3.2	0	0
AO31	10.92	3.7	0	5.97383
AO32	41.47	3.6	0	6.94162
AO33	41.47	5.3	0	6.94162
AO34	15.22	4.7	0	6.21463
AO35	19.08	2.7	0	6.37857
AO36	19.08	3.1	0	6.37857
AO37	43.11	2.3	0	6.96975
AO38	43.11	3.7	0	6.96975
AO39	103.2	3.4	0	7.60285
AO40	103.2	2.7	0	7.60285
AO41	103.2	3.7	0	7.60285
AO42	92.09	3.2	0	7.52023
AO43	131.4	0	0	7.77805
AO44	131.4	4.4	0	7.77805
AO45	92.93	2.2	0	7.52682
AO46	81.82	2.7	0	7.43448
AO47	8.62	0	0	5.8023
AO48	0	0	0	0
AO49	0	0	0	0
AO50	0	0	0	0
AO51	0	0	0	0
AO52	0	0	0	0
AO53	0	0	0	0
AO54	0	0	0	0
AO55	0	0	0	0
AO56	0	0	0	0
AP1	0	0	0	0
AP2	0	0	0	0
AP3	0	0	0	0
AP4	0	0	0	0
AP5	0	0	0	0
AP6	0	0	0	0
AP7	0	0	0	0
AP8	0	0	0	0
AP9	0	0	0	0
AP10	0	0	0	0
AP11	0	0	0	0
AP12	0	0	0	0
AP13	0	0	0	0
AP14	0	0	0	0
AP15	0	0	0	0
AP16	0	0	0	0
AP17	0	3.2	0	0
AP18	0	3.8	0	0
AP19	0	3.6	0	0
AP20	0	3	0	0
AP21	0	3	0	0
AP22	0	2.9	0	0
AP23	0	0	0	0
AP24	0	0	0	0
AP25	0	0	0	0
AP26	0	0	0	0
AP27	0	0	0	0
AP28	0	2.2	0	0
AP29	0	3.3	0	0
AP30	0	2.8	0	0
AP31	10.92	3	0	5.97383
AP32	17.44	0	0	6.31338
AP33	17.44	3.5	0	6.31338
AP34	21.94	2.9	0	6.47987
AP35	18.12	3.2	0	6.34112
AP36	14.61	2.3	0	6.18497
AP37	14.61	2.1	0	6.18497
AP38	0	0	0	0
AP39	39.63	0	0	6.9087
AP40	39.63	3.9	0	6.9087
AP41	131.4	3.2	0	7.77805
AP42	131.4	2.7	0	7.77805
AP43	131.4	0	0	7.77805
AP44	92.93	3.9	0	7.52682
AP45	92.93	0	0	7.52682
AP46	81.82	3.1	0	7.43448
AP47	6.59	3.2	0	5.60754
AP48	0	0	0	0
AP49	0	0	0	0
AP50	0	0	0	0
AP51	0	4.6	0	0
AP52	0	0	0	0
AP53	0	0	0	0
AP54	0	0	0	0
AP55	0	0	0	0
AP56	0	0	0	0
AQ1	0	0	0	0
AQ2	0	0	0	0
AQ3	0	0	0	0
AQ4	0	0	0	0
AQ5	0	0	0	0
AQ6	0	0	0	0
AQ7	0	0	0	0
AQ8	0	0	0	0
AQ9	0	0	0	0
AQ10	0	0	0	0
AQ11	0	0	0	0
AQ12	0	0	0	0
AQ13	0	0	0	0
AQ14	0	0	0	0
AQ15	0	0	0	0
AQ16	0	0	0	0
AQ17	0	3.6	0	0
AQ18	0	3.5	0	0
AQ19	0	3.6	0	0
AQ20	0	3.2	0	0
AQ21	0	3.4	0	0
AQ22	0	4	0	0
AQ23	0	3	0	0
AQ24	0	0	0	0
AQ25	0	0	0	0
AQ26	0	3.6	0	0
AQ27	0	2.9	0	0
AQ28	0	0	0	0
AQ29	0	3.5	0	0
AQ30	0	3.3	0	0
AQ31	0	0	0	0
AQ32	8.26	0	0	5.77136
AQ33	9.23	2.8	0	5.85189
AQ34	47.05	3.9	0	7.03317
AQ35	47.05	3.9	0	7.03317
AQ36	40.06	3.2	0	6.91653
AQ37	0	0	0	0
AQ38	0	0	0	0
AQ39	0	0	0	0
AQ40	0	0	0	0
AQ41	0	2.7	0	0
AQ42	0	0	0	0
AQ43	92.93	0	0	7.52682
AQ44	92.93	3	0	7.52682
AQ45	81.82	0	0	7.43448
AQ46	58.81	3.4	0	7.19498
AQ47	9.03	0	0	5.836
AQ48	0	0	0	0
AQ49	0	0	0	0
AQ50	0	0	0	0
AQ51	0	0	0	0
AQ52	0	0	0	0
AQ53	0	0	0	0
AQ54	0	0	0	0
AQ55	0	0	0	0
AQ56	0	0	0	0
AR1	0	0	0	0
AR2	0	0	0	0
AR3	0	0	0	0
AR4	0	0	0	0
AR5	0	0	0	0
AR6	0	0	0	0
AR7	0	0	0	0
AR8	0	0	0	0
AR9	0	0	0	0
AR10	0	0	0	0
AR11	0	0	0	0
AR12	0	0	0	0
AR13	0	0	0	0
AR14	0	3.8	0	0
AR15	0	4	0	0
AR16	0	0	0	0
AR17	0	0	0	0
AR18	0	4	0	0
AR19	0	4.4	0	0
AR20	0	0	0	0
AR21	0	4.3	0	0
AR22	0	2.6	0	0
AR23	0	0	0	0
AR24	0	0	0	0
AR25	0	0	0	0
AR26	0	4.2	0	0
AR27	0	0	0	0
AR28	0	2.8	0	0
AR29	0	2.7	0	0
AR30	0	3.3	0	0
AR31	0	2.9	0	0
AR32	0	3.1	0	0
AR33	0	3.6	7.13	0
AR34	22.46	3.6	0	6.49685
AR35	48.97	3.1	0	7.06218
AR36	48.97	3.8	0	7.06218
AR37	17.32	4.3	0	6.30837
AR38	0	2.7	0	0
AR39	0	0	0	0
AR40	0	0	0	0
AR41	0	0	0	0
AR42	0	0	0	0
AR43	57.24	0	0	7.17536
AR44	51.37	0	0	7.09688
AR45	51.37	0	0	7.09688
AR46	51.37	0	0	7.09688
AR47	0	3.9	0	0
AR48	0	0	0	0
AR49	0	0	0	0
AR50	0	0	0	0
AR51	0	0	0	0
AR52	0	0	0	0
AR53	0	0	0	0
AR54	0	0	0	0
AR55	0	0	0	0
AR56	0	0	0	0
AS1	0	0	0	0
AS2	0	0	0	0
AS3	0	0	0	0
AS4	0	0	0	0
AS5	0	0	0	0
AS6	0	0	0	0
AS7	0	0	0	0
AS8	0	0	0	0
AS9	0	0	0	0
AS10	0	0	0	0
AS11	0	0	0	0
AS12	0	0	0	0
AS13	0	0	0	0
AS14	0	0	0	0
AS15	0	0	0	0
AS16	0	0	0	0
AS17	0	0	0	0
AS18	0	0	0	0
AS19	0	0	0	0
AS20	0	0	0	0
AS21	0	0	0	0
AS22	0	3	0	0
AS23	0	0	0	0
AS24	0	0	0	0
AS25	0	0	0	0
AS26	0	3.7	0	0
AS27	0	3.1	0	0
AS28	0	0	0	0
AS29	0	3	0	0
AS30	0	0	0	0
AS31	0	3.6	0	0
AS32	0	3	0	0
AS33	0	3.4	0	0
AS34	48.97	0	0	7.06218
AS35	48.97	3.1	0	7.06218
AS36	0	0	0	0
AS37	0	0	0	0
AS38	0	0	0	0
AS39	0	0	0	0
AS40	0	0	0	0
AS41	57.24	0	0	7.17536
AS42	57.24	3.2	0	7.17536
AS43	57.24	0	0	7.17536
AS44	0	3	0	0
AS45	0	0	0	0
AS46	0	0	0	0
AS47	0	0	0	0
AS48	0	0	0	0
AS49	0	0	0	0
AS50	0	0	0	0
AS51	0	0	0	0
AS52	0	0	0	0
AS53	0	0	0	0
AS54	0	0	0	0
AS55	0	0	0	0
AS56	0	0	0	0
AT1	0	0	0	0
AT2	0	0	0	0
AT3	0	0	0	0
AT4	0	0	0	0
AT5	0	0	0	0
AT6	0	0	0	0
AT7	0	0	0	0
AT8	0	0	0	0
AT9	0	0	0	0
AT10	0	0	0	0
AT11	0	0	0	0
AT12	0	0	0	0
AT13	0	0	0	0
AT14	0	0	0	0
AT15	0	0	0	0
AT16	0	0	0	0
AT17	0	3.5	0	0
AT18	0	0	0	0
AT19	0	0	0	0
AT20	0	0	0	0
AT21	0	0	0	0
AT22	0	0	0	0
AT23	0	0	0	0
AT24	0	0	0	0
AT25	0	2.8	0	0
AT26	0	0	0	0
AT27	0	2.8	0	0
AT28	0	0	0	0
AT29	0	0	0	0
AT30	0	2.7	0	0
AT31	0	0	0	0
AT32	0	0	0	0
AT33	0	3.1	0	0
AT34	0	3.1	0	0
AT35	0	2.7	0	0
AT36	0	2.7	0	0
AT37	0	0	0	0
AT38	0	0	0	0
AT39	0	0	0	0
AT40	0	0	0	0
AT41	0	0	0	0
AT42	0	0	0	0
AT43	0	2.6	0	0
AT44	0	3	0	0
AT45	0	0	0	0
AT46	0	0	0	0
AT47	0	0	0	0
AT48	0	0	0	0
AT49	0	0	0	0
AT50	0	0	0	0
AT51	0	0	0	0
AT52	0	0	0	0
AT53	0	0	0	0
AT54	0	0	0	0
AT55	0	0	0	0
AT56	0	0	0	0
